61650
82743
3822
29551
37778
82774
63953
6949
67802
85233
17400
1
93615
76572
98778
92067
2286
56336
95749
81051
58814
99960
61178
68167
59116
85152
22052
788
94327
17006
52419
10199
82788
74261
10658
70365
88810
67912
7730
64316
16688
46186
82842
6834
49118
17387
93511
73975
18136
7267
90865
76547
74894
63000
56548
63074
17564
90291
70037
5653
89034
32892
19176
71891
46188
21355
1088
20298
69565
77945
35621
43386
27478
98841
57253
50965
44950
46281
17223
23516
58608
91866
23366
36186
25405
25635
60932
33504
14102
55362
17912
33012
47749
63066
68602
52622
54022
24832
98427
77068
42756
75075
50743
22721
21960
15871
97752
58796
910
43571
18248
44124
12905
79638
50865
1
10929
37449
83799
2283
47024
46512
17233
22512
71708
72228
67219
48391
87359
48912
61171
5989
9235
31888
74862
68544
28019
6721
46765
86865
54769
36322
53824
72118
92186
72086
92898
68761
1181
24003
2322
76881
72893
97889
88938
26845
84466
94799
55320
75201
13927
45380
77358
14018
68953
42
96026
21852
60983
49050
11077
19876
77006
13270
12483
94256
16758
5266
75073
14381
58723
57549
57224
35986
80927
41122
68770
89638
38816
14063
40101
80851
84068
91194
57240
54516
83470
84104
18012
21443
32604
41913
40641
3968
46240
5173
59676
84120
96699
55926
43645
42330
9125
4332
88254
99473
13993
43924
74108
47899
66507
64469
35951
84254
32931
75247
87114
47344
71648
93658
11673
98550
68848
31414
83870
16830
34824
38211
33657
38005
4737
64950
69181
12876
29703
97124
31916
58806
89629
62121
10960
74803
73791
67617
6943
64828
40867
5354
53169
65556
49657
63840
10583
71610
90446
2340
19704
34343
52303
57513
38645
79061
39160
15611
98065
85333
76892
25187
39282
42963
37514
87918
99145
30320
10203
36992
51811
36780
73669
25762
68700
55816
46240
22086
62070
26237
80868
65891
33078
82417
40014
75150
32155
31814
39724
63770
31142
47373
279
37372
88456
52066
39797
1071
90108
16424
78977
1722
74760
5844
97856
19596
67002
81582
11597
38997
39074
21932
12201
39598
65823
12925
51388
93183
83479
57166
57664
5266
13219
53474
90038
19026
72270
87563
12360
78357
29103
63576
79646
1
95271
59578
4388
36007
99832
55186
44054
29260
59259
66443
40416
58306
13174
39789
63166
41243
87344
47925
86383
44402
93346
66642
93621
20424
76746
74024
19258
34699
26451
68693
42726
18099
44399
81567
47327
40118
65538
53272
25392
15498
40388
94996
28635
90955
29682
46959
13134
96679
24734
59930
76312
50349
49688
52001
73251
55317
65126
1777
41876
57204
34170
16665
37955
83594
56465
61670
91640
10891
44011
26961
19727
9331
12218
48735
77226
65940
2812
91953
49771
35635
1453
79674
59954
93297
9097
89999
28525
89954
13636
9449
94672
35877
23018
59425
39080
5541
46583
8479
65332
87231
49014
96432
14500
44170
44387
83802
43020
36592
18283
4232
57697
58624
78331
55398
6255
11954
50560
11183
27662
14776
64393
94255
97737
47343
40864
23280
56405
84861
18348
78442
57556
83029
72701
21240
796
54815
5643
48198
79479
63081
45483
58571
71723
57000
75916
60727
94308
1871
93351
41141
78283
5478
25328
81621
18214
34424
85652
917
47934
58976
83774
59604
75737
24760
90062
64013
26092
66441
70480
75072
33135
68921
4041
56363
92222
51730
64827
58351
76243
26906
3382
7206
87610
79505
93289
89643
12941
72534
40124
45897
63040
68742
29211
2300
65563
77036
3175
19988
95863
83833
97866
28599
72664
22032
71295
83553
29741
67835
20046
46470
40892
23056
34114
42653
95846
36929
80144
17606
39434
32283
57448
74210
54653
67720
90201
24434
21871
16955
48756
83115
35040
4149
83223
28741
20216
30536
28303
9265
13804
91975
11887
95427
51140
76556
13537
69775
50249
45703
95658
54348
37052
37492
38367
86599
79833
49309
49015
16002
97181
14189
86331
8518
1369
23288
4259
4728
65250
84117
6289
51420
84557
89275
9310
37508
4749
13892
32873
20116
50201
39774
36029
95643
9955
87592
32477
29673
67127
25579
27723
36086
58232
99264
9347
98002
12682
53042
46269
34745
56835
45666
94407
97037
16827
51404
89788
25861
19179
42486
47640
88981
63295
38261
34202
95769
12832
69840
71142
57077
58762
56286
94840
36951
25368
1253
42197
65048
69498
65519
7081
77671
68283
65397
49330
53350
87271
14845
43594
80342
68513
14308
84854
20551
99095
5378
86923
65932
16518
51357
11844
9668
16888
46657
59854
67213
65578
21965
63404
15250
30606
70252
63822
59489
60298
77188
92773
18470
34216
18653
86583
93786
22781
5582
80228
40902
98978
22714
26948
7175
4914
83951
70436
46988
72123
12548
16350
34669
51234
18240
87722
41557
58556
53690
62071
16667
46484
12565
85706
35777
85240
51649
57003
82820
39023
73634
98082
83850
69966
89755
66273
73120
25437
39154
46869
83328
39240
78067
18051
10692
10966
52434
42222
95509
39977
31287
51782
43693
51308
53075
51694
66727
79519
97800
53519
96846
11313
62817
85679
42095
43406
9841
55683
20755
13646
53724
36535
1
18511
50321
58888
48729